version https://git-lfs.github.com/spec/v1
oid sha256:a452866e7be936a3bb8d2494f5b677091f97862e17d2e4b20ad7789bade4e12d
size 15903
